180 35 35 255
255 70 0 255
240 240 25 255
0 128 0 255
30 180 170 255
35 95 180 255
35 25 200 255
150 0 210 255
225 90 220 255
DIV:Spectrum

180 35 35 180
255 70 0 180
240 240 25 180
0 128 0 180
30 180 170 180
35 95 180 180
35 25 200 180
150 0 210 180
225 90 220 180
DIV:Transparent Spectrum

255 150 150 255
255 205 150 255
255 255 150 255
150 255 150 255
175 225 230 255
100 150 240 255
70 130 180 255
205 150 255 255
255 150 205 255
DIV:Soft Spectrum

0 0 100 255
20 71 110 255
60 90 170 255
100 120 200 255
140 150 230 255
105 0 105 255
128 0 0 255
158 50 50 255
205 92 92 255
DIV:The Sky

55 95 60 255
50 100 0 255
85 107 47 255
107 142 35 255
155 180 0 255
142 142 56 255
170 170 60 255
184 134 11 255
218 165 32 255
DIV:Woodland Forestry

139 125 107 255
101 90 78 255
80 60 30 255
100 50 0 255
107 66 38 255
116 81 29 255
136 101 49 255
150 120 80 255
190 160 120 255
DIV:Solid Browns

250 250 250 255
210 205 200 255
155 151 156 255
105 101 97 255
66 64 62 255
21 20 19 255
66 64 62 178
255 255 255 65
255 230 250 0
DIV:Greyscale